61578682215040
61578751691331
61578764170604
61579300336328
61579765770114
61579623306161
61579359523596
61579271372420
61579023525378
61579261803367
61579037337448
61579000019426
61578871595923
61579045827126
61581096154419
61581058536307
61581105063988
61581237357205
61581377570142
61581055446787
61581211738718
61581130442874
61580304058890
61579985955151
61580260291462
61579980855612
61579974495832
61580411933719
61580045412377
61580320768495
61580940371731
61581109293829
61581244467105
61580857815784
61581333172585
61581090724828
61581095854841
61581209759113
61580869873940
61581239067339
61580965930517
61581333382549
61581253406881
61581163351343
61581057936817
61581371390761
61581052957074
61581382910099
61580956811150
61580902934290
61581092435291
61580943626857
61581077982205
61581466252630
61581449213688
61581201667707
61581335131403
61581138761732
61581040996660
61581565730510
61581400381010
61581289598720
61581236711222
61581611062189
61581287500782
61581482580998
61581527278409
61581684500921
61580709063099
61580942096072
61580616426726
61580549140215
61580605808812
61580324680615
61579823679910
61580579229367
61579836160250
61580498623659
61580670576092
61580505103339
61581028614615
61580937988588
61580644177659
61580938558694
61580637788077
61580502494401
61580668207013
61580463136597
61580920260194
61586241812399
61580841003798
61581079163254
61581113631713
61581048749081
61581148703948
61581043289680
61580865907847
61580644993382
61579694176006
61580719270899
61580883547739
61581062459256
61583967205554
61583409827954
61584035242313
61583725475156
61584072230543
61583515842517
61583596239533
61583588258517
61583833293755
61584006353836
61580603061673
61580529984743
61580562052384
61580273797657
61580147324119
61580377502591
61580224390632
61580139344839
61580298306723
61580518945693
61580071638009
61580093807233
61580337635301
61580116696613
61580111776897
61587745661926
61584071764988
61584272153770
61583853943846
61584065223855
61584042364527
61584259976355
61584317271689
61584172560270
61584146549727
61584091172408
61584035136815
61583966618711
61583823646529
61583973939766
61583803456447
61584307731553
61583893091730
61583815455669
61583900323420
61584197157846
61583853163394
61583957348980
61584082292516
61583938060037
61583998177064
61584042544431
61583965118773
61584276685347
61584071435188
61584015756956
61583820345743
61584099781776
61584302932260
61584171295769
61584291143965
61584235076880
61583817855549
61584266155951
61583957469038
61584339170206
61583767127302
61583840654170
61584052534403
61584238887214
61583956030055
61584312861976
61583847853887
61584171325991
61584093154012
61583969018429
61584243896336
61584270593969
61584141811781
61583824725010
61583944869693
61584347960190
61584091412407
61583838494410
61584151081119
61584175858832
61583846084174
61584306863174
61583821395569
61583986687284
61584126752302
61583858323469
61584216146626
61584340761991
61583964548714
61584108391658
61584329721226
61583993258695
61584015997748
61583971658322
61584027606645
61584227096250
61584161790887
61584236126798
61586667091975
61586756696617
61586316825045
61586334976008
61586643962323
61586775838169
61586568968121
61586857790927
61586829353487
61586423561583
61586721390992
61586780575443
61586762786384
61586522232992
61586261987970
61586436733953
61586516858550
61586676425502
61586725532223
61586915840234
61586347006946
61586882870442
61586608983314
61586692499520
61586941940665
61586402891689
61586422151921
61586570376335
61586961950296
61586563090956
61586524657987
61579026956694
61578683233614
61579104052775
61578820593848
61578850805814
61579067936577
61579165011788
61578867892728
61578202376132
61578247511439
61578385714370
61578214904188
61578527584327
61578370177578
61578325721272
61578621541941
61577358784144
61577237139997
61584123367233
61584280889718
61584272097728
61584328977109
61584401271362
61584122287063
61584223142238
61584106207702
61584330597538
61584188074742
61584012432729
61584287939168
61584364165550
61583992153255
61584352433806
61584245312124
61584219092772
61583994044010
61584055150963
61584359246107
61584103295468
61584437722208
61583899247789
61584013242991
61584449332137
61584444382492
61584188884520
61584041921104
61583909654947
61584479390265
61584237032122
61583964132529
61584171665155
61584016269464
61584090426015
61584300929155
61584378564938
61584339626768
61576851364890
61577347730337
61576947130363
61577099282181
61577022785887
61576968668646
61576944340125
61577269613613
61576997527228
61576866044109
61577195517382
61577329730573
61577225875231
61578563095612
61583913265108
61587602527553
61581369471354
61581250047476
61587214329189
61587695350744
61585822951280
61580841238142
61582871246736
61582771858159
61582947357013
61583080041816
61588136713196
61588114784128
61588430008566
61588130653587
61588103685081
61585022006760
61585079339089
61585029837154
61587740321538
61588459966521
61585545420663
61585820161316
61583763080280
61581316427724
61587734201384
61584886194129
61583920851741
61587707230786
61586364153844
61584879593982
61586352663583
61585057978051
61587844784787
61585050717836
61586389894630
61584988045807
61586179891508
61586612227920
61587796393302
61586405525202
61586440626358
61587685000497
61587956925279
61583913591611
61584406703138
61586911988760
61587227499478
61585021916869
61586338803164
61585827961608
61587850575270
61588032465407
61586918379131
61588434286249
61585547070804
61587850725391
61585038387513
61586476987595
61585002086162
61585070398856
61587735971693
61586921259309
61583758970304
61583917131810
61586388994821
61585078079032
61584972325363
61586429166299
61585547821030
61585046518011
61587956205265
61587777762926
61586416145852
61586180161888
61585819861458
61584870233823
61583773940988
61583771330798
61586393675089
61584862733830
61586456406945
61586451726807
61585030647325
61552394267181
61584970615469
61585012046553
61584981205643
61588378966081
61586345463672
61586595127917
61586256273119
61586234582151
61588476226907
61586401745301
61587682000616
61585002566383
61552390397655
61586463277012
61586474167395
61584875844195
61583763470541
61585038927724
61587617410152
61586499997540
61587699010797
61583907471720
61583752610207
61585201859858
61583773760983
61583760920543
61584884214488
61586402015202
61584157642525
61588032825819
61586425745986
61585019216907
61585041897804
61587776892683
61587744702100
61585023147222
61584882354444
61584977515597
61587203709157
61579683639721
61580063421585
61580074371069
61580078240986
61579959146842
61579784705521
61579647491304
61579961756635
61579988785423
61579604473391
61579722548375
61579907489646
61579754226806
61579705329512
61579629852410
61579653521045
61579697769721
61579986805638
61581801061002
61581944725940
61581384512653
61581677571460
61581633744942
61581302623739
61581641186877
61581281295710
61581286935411
61581536433152
61581543182815
61581529654170
61581475557425
61581592581332
61581251170360
61581268540411
61581197354055
61581454741377
61581470281491
61581368110057
61581495723756
61581442117145
61590966922008
61590414435134
61590955282804
61590964645088
61590845602903
61590470627012
61590801390338
61590835256985
61590619537189
61590673295999
61590818759180
61590377267475
61590531370986
61590480374419
61590698282681
61590860876661
61590386567850
61590927055071
61590424817105
61590739742135
61590454721647
61590633305278
61590968662082
61590469238766
61581601954885
61581606364699
61581683552005
61581470713703
61582115527819
61581536079798
61581560978091
61578727199952
61578177103243
61578573095468
61580485296217
61580309385779
61580479174197
61580939572416
61582355570897
61581882191472
61579148146394
61581392441558
61581342944189
61581506735945
61580277044119
61581230723940
61581290541242
61580970186734
61580903351058
61580742135867
61581342920108
61580878543249
61580891982558
61581160139901
61580933352074
61579713624008
61579629417103
61579794950051
61579281279457
61581213266982
61581186507082
61581170820315
61581291472616
61582007366817
61579340045841
100028041641801
61579592970311
61579119017977
61579192273961
61579717464899
61579624378957
61579633408375
61579630798506
61579136807817
61579313048946
61579618019178
61579660857426
61579176045503
61579527812975
61579598161280
61579645769003
61579364437427
61579295260678
61579780043454
61579701987436
61579631969905
61579441834229
61579527783027
61579159967925
61579291721317
61579705015868
61579781903134
61579594411608
61579751515066
61577026861288
61577135396297
61576734706071
61577237210368
61576762094145
61576739865245
61576826981852
61576824431255
61576830101153
61576698197695
61577160774647
61581867526349
61582304640973
61582011940451
61582436935059
61582005490449
61581948373648
61582293001973
61582106707012
61578517563830
61579469199010
61578433770455
61577525275779
61577561097128
61580569454932
61578527374548
61578523354419
61577493204551
61576694900456
61579521911232
61578826507339
61577550116823
61579575373732
61579527041831
61577405061665
61579060987631
61577489994407
61577543036573
61579543722716
61577818289159
61577463713850
61579434248301
61578430921435
61577506370204
61577807874764
61579667800113
61577676684572
61577514411655
61577547293079
61580550161144
61579689671618
61578417056812
61582019147420
61578700323442
61580727644093
61580706763752
61580743064892
61580727974251
61578489239697
61579536039417
61579522478789
61578440968418
61580726534941
61578431428424
61580637194168
61579402175946
61579686763102
61578482221042
61578644644381
61580747206683
61577554525555
61580767697321
61577657936650
61579553652226
61580718916528
61579507150594
61579538742057
61585135973114
61584946528454
61585042225914
61584895380632
61584815913713
61585180310976
61585118093929
61584746557377
61584817683379
61584616153932
61584923009304
61584914249785
61584634183035
61585140322771
61584838172474
61584691629826
61584700929309
61584965187436
61584949288202
61584714878968
61584720428480
61584942658452
61585009376633
61584797524725
61584628753119
61584635743056
61584805114341
61584923879337
61584564466510
61584815793853
61585103964753
61584849631894
61584763056591
61585103994601
61584971817350
61584799594047
61585161741937
61585072345856
61584622813651
61584786935212
61584633943060
61584729968055
61584731678193
61584560326520
61585094845105
61584732847837
61584986757026
61584982047207
61584671441373
61584631363213
61584848551904
61584927719193
61584932819170
61584965037598
61584757356991
61584601994476
61585052846151
61584589545548
61584668081328
61585173261303
61584902880270
61585192160463
61584622303822
61584691990136
61584637782950
61585090495384
61584695800160
61584884700968
61584980937509
61584831813079
61584869851246
61584722468772
61584811504088
61584788945370
61584665351497
61584931889179
61584618764059
61584864991575
61584592964915
61584951448143
61584827223172
61584679960559
61584616244241
61585190630554
61584750397124
61585136753258
61585189460751
61584630103264
61584913590130
61584677231003
61584640302964
61584771725933
61584652002628
61584815583976
61584806314640
61584791765385
61584832053292
61584575326153
61584782315507
61584743287923
61584819423814
61584741578011
61584839732575
61584835413134
61584549527617
61584723278532
61585087015728
61584639312963
61585178481372
61584630613456
61584740498151
61584788765565
61585135853363
61584672401308
61585141253164
61584736028245
61584659561993
61585002057056
61584712149335
61584866101582
61585119744265
61584621613856
61584667961775
61584908880619
61584669611458
61585180851147
61584732278254
61584583455970
61584916410222
61584648882573
61585178091386
61584649992659
61584705309576
61584847502666
61585151392797
61584637513148
61585189460891
61584961738110
61584928559585
61584769566532
61585085065826
61584554837552
61584692140177
61584680801141
61584771006409
61584857581896
61584814713821
61584762126962
61584626743871
61585169961939
61584560747428
61584970408019
61584729908542
61584649002474
61585099015304
61585193600737
61585135433641
61585091785573
61584744517774
61584667272206
61584959398070
61584604064843
61585150312865
61584950698785
61584833373275
61584912870423
61584812794350
61584908010572
61585064846378
61584629473245
61584855602133
61584658962118
61584810454276
61584775746342
61584646002973
61584959098314
61584604184923
61584735068385
61584965127935
61584835263222
61585195430778
61584835023558
100081319781760
61561680960738
61593785829030
61593812798385
61593761019995
61585011990463
61583737013565
61584992099881
61581882993059
61582127092857
61582025127779
61593983638005
61593866973339
61593575505666
61594130811808
61594162430274
61593638803253
61593672761625
61592987804488
61593582585570
61593744968274
61593565876077
61594017416546
61593804545850
61593739118571
61593651462654
61593913321382
61594125321906
61593665472083
61593675011494
61594130961766
61593832798630
61594162310312
61593562845989
61593821465247
61593634063612
61594012617002
61593984388257
61593839104505
61594011716943
61593604994248
61594083863727
61593700240563
61593990178100
61594139601418
61594102643104
61593683231343
61593821855190
61593579946012
61593624253947
61593693370645
61594081403956
61594047895431
61594022006536
61593753488267
61593825845190
61593669671819
61593730689474
61594061934847
61593750908381
61593725799625
61586811894251
